29 18 1
67 92 0
115 57 1
69 89 0
231 222 0
224 53 0
41 202 1
124 37 0
155 189 1
76 205 1
110 146 0
176 239 0
205 66 0
139 148 0
225 149 1
209 244 0
124 132 0
59 227 0
67 201 0
245 111 1
237 187 1
76 194 0
213 228 0
205 173 0
20 164 0
227 0 1
111 245 0
122 176 0
225 53 0
227 8 1
203 131 1
143 159 0
70 94 0
74 140 1
48 153 0
127 234 1
22 12 1
36 209 0
120 95 0
233 226 0
182 237 0
37 124 0
71 74 0
21 160 1
178 1 0
173 161 0
83 220 1
87 115 0
244 141 0
55 175 0
115 30 0
77 42 0
103 43 1
211 133 0
126 113 0
185 198 1
116 24 0
59 162 1
203 155 0
53 202 1
54 63 1
41 50 0
21 205 1
243 6 0
138 7 0
130 14 0
172 192 0
25 112 0
88 138 0
167 108 0
78 57 1
216 204 1
218 66 0
60 43 0
153 116 0
128 26 0
206 173 0
120 25 1
140 107 0
203 142 0
222 152 0
246 197 0
16 10 0
15 41 1
217 185 0
79 120 1
72 172 0
124 183 0
56 203 0
78 201 1
191 177 0
207 22 1
119 39 1
172 95 0
101 102 1
4 157 0
45 191 0
70 91 0
60 119 0
198 17 0
34 124 0
134 176 0
80 197 1
125 135 1
118 110 1
236 235 1
176 182 0
109 243 0
200 105 1
119 73 0
121 87 0
69 80 0
82 212 1
192 158 0
84 93 0
75 235 1
58 141 1
105 144 0
155 5 0
183 101 1
84 40 1
160 173 0
130 133 1
159 143 0
130 139 0
110 2 0
165 26 1
47 144 0
159 141 0
246 69 0
233 92 0
71 189 0
58 6 0
222 165 0
236 75 0
48 9 0
150 228 0
26 97 0
130 32 1
147 152 1
174 235 0
11 22 0
97 166 1
53 170 0
18 128 0
52 46 0
220 83 0
231 26 0
108 183 1
12 11 1
64 168 1
43 66 0
208 11 0
243 91 0
85 93 1
187 38 0
42 216 0
109 94 1
136 47 1
193 94 0
119 103 0
246 66 1
115 110 0
134 8 0
138 169 0
232 89 0
90 41 0
186 13 0
232 69 0
63 229 0
197 126 0
106 101 1
144 105 0
138 81 1
90 234 0
123 79 0
162 59 0
132 34 1
161 205 0
219 70 1
89 35 1
130 180 0
159 23 1
12 7 0
65 229 0
108 102 0
54 65 0
108 167 0
200 144 1
241 175 0
134 38 1
132 77 0
178 75 1
82 191 0
84 244 1
114 131 0
126 73 0
28 15 0
37 42 0
39 73 0
40 93 0
208 86 0
146 181 0
64 237 0
189 155 0
238 109 0
167 63 0
236 1 0
46 52 0
172 107 0
64 182 0
19 233 0
243 99 0
200 129 0
119 126 1
85 229 1
148 26 0
151 44 0
44 52 0
174 1 1
15 28 0
180 32 0
208 100 1
210 42 1
207 208 0
240 194 1
209 58 0
23 31 1
47 166 0
97 200 0
158 192 0
128 200 0
10 195 0
135 17 0
89 237 0
9 8 1
142 140 1
11 207 0
185 17 0
100 245 0
108 62 1
27 100 0
9 182 0
160 76 0
207 44 1
48 227 0
176 9 0
60 66 0
203 56 0
124 77 0
18 213 0
73 113 0
118 4 0
157 146 1
26 231 0
104 70 0
117 86 0
62 54 0
93 229 0
30 146 0
246 161 0
47 18 0
47 228 1
225 127 0
106 124 0
13 135 0
198 188 0
175 242 0
201 78 0
61 233 1
145 73 1
100 236 1
47 68 0
102 183 0
121 19 0
116 198 0
127 50 0
149 225 0
2 118 1
5 131 1
237 9 0
235 199 0
168 64 0
21 194 0
1 75 0
6 243 0
48 8 0
83 191 1
144 128 0
245 16 0
139 180 0
66 161 1
62 220 0
235 16 0
67 61 0
1 16 0
206 160 1
207 11 0
82 45 1
1 236 0
33 182 0
42 210 0
101 183 0
142 114 1
36 58 1
202 41 0
120 79 0
77 204 0
89 232 0
125 245 0
56 155 0
154 180 0
60 103 0
186 176 1
39 119 0
10 190 0
221 191 0
6 238 0
92 68 0
7 100 0
223 202 0
156 184 0
49 234 0
152 231 1
124 101 1
66 103 1
59 126 0
189 203 0
206 60 0
2 4 0
131 114 0
69 232 0
157 30 1
35 232 1
218 161 0
50 41 0
224 223 0
79 112 0
78 115 0
183 106 0
135 3 1
194 246 0
53 41 0
4 110 1
200 97 0
217 55 0
180 130 0
57 157 0
159 31 0
125 116 1
148 139 0
114 142 0
43 119 0
71 203 0
142 56 0
111 125 0
26 165 0
5 70 1
172 104 1
107 192 1
144 47 0
99 31 0
229 65 0
106 108 0
164 156 0
157 115 0
215 164 1
160 21 0
93 54 1
212 82 0
197 103 0
196 188 0
222 139 1
227 9 0
25 170 0
39 60 0
84 132 0
46 239 0
11 117 1
143 23 0
170 88 0
206 205 0
140 184 0
194 240 0
44 12 0
147 165 0
228 47 0
205 76 0
105 129 0
120 112 0
98 152 0
34 106 0
154 20 0
41 49 0
155 107 0
107 158 1
192 184 0
126 59 0
212 242 0
214 13 0
10 116 0
184 140 0
48 135 0
224 151 0
33 52 1
62 167 1
171 113 1
88 81 1
71 142 1
190 196 0
15 90 0
215 20 0
174 178 0
222 148 1
92 228 0
53 223 1
192 107 0
20 32 1
51 27 0
70 104 0
234 127 0
140 192 1
135 125 0
51 174 0
241 177 0
19 78 0
167 93 0
3 176 1
5 155 0
49 15 0
117 100 0
115 146 1
146 30 0
152 222 0
14 139 0
23 91 0
46 186 0
174 62 0
190 217 0
133 130 0
66 69 0
96 213 1
59 0 0
135 153 0
117 11 0
22 208 0
179 35 0
49 225 0
7 51 0
76 69 0
28 169 0
118 30 0
18 166 0
128 136 0
214 245 1
150 96 0
81 169 0
192 74 0
126 119 0
171 0 0
153 198 0
152 139 0
1 235 1
136 105 0
52 168 0
197 119 0
85 65 0
74 107 0
36 238 0
159 209 0
91 193 0
43 197 1
165 231 1
74 184 1
100 51 1
27 51 0
123 243 0
86 51 1
29 166 0
54 183 0
177 220 0
228 121 0
163 184 1
240 218 0
221 45 1
241 108 0
30 115 0
184 192 0
55 45 0
157 110 0
126 145 1
41 223 0
62 178 0
106 210 0
84 209 0
246 43 0
235 75 0
157 4 0
77 210 1
211 32 0
13 186 0
214 116 0
17 188 1
226 233 0
193 243 1
179 80 0
39 173 0
199 75 1
91 23 0
38 134 0
80 162 0
189 5 0
204 77 0
31 91 0
216 77 1
65 63 1
147 148 1
178 241 0
245 125 0
136 166 0
149 41 0
132 37 1
228 136 0
13 245 1
236 174 0
123 109 1
209 84 0
25 120 0
153 135 0
19 121 0
126 39 0
11 12 0
98 129 0
181 146 0
226 61 0
245 214 0
36 23 0
2 224 0
85 54 0
62 183 0
77 101 0
202 53 0
204 216 0
23 58 0
168 232 0
107 104 0
131 142 0
204 106 0
239 125 0
14 234 0
31 99 0
89 69 0
110 157 0
34 42 1
237 35 0
52 33 0
145 171 0
72 28 0
181 121 1
185 190 0
220 204 1
42 124 0
46 33 0
44 207 0
137 79 0
56 142 0
172 155 0
92 213 0
91 94 0
201 181 0
210 106 0
112 63 0
179 197 0
31 23 0
92 150 1
87 121 0
52 44 0
146 110 0
130 211 0
154 211 0
213 150 0
219 5 0
198 153 0
0 59 0
63 54 0
141 229 0
195 10 0
12 207 0
176 48 0
65 93 0
47 128 0
126 43 0
55 195 0
147 231 0
8 134 0
169 223 0
23 238 0
177 212 0
74 156 0
70 109 0
178 195 0
190 55 1
157 57 0
98 222 0
182 122 0
81 223 0
57 78 0
44 11 0
145 59 0
40 124 0
105 26 0
142 189 0
75 196 0
240 89 0
129 26 1
134 237 0
15 202 0
79 193 0
97 26 0
158 72 1
82 217 0
235 236 0
160 60 0
178 199 0
236 16 0
114 155 0
0 198 0
64 187 1
177 175 1
103 161 0
29 96 0
95 123 1
156 72 0
210 204 0
131 189 1
24 188 1
118 2 0
19 181 0
45 221 0
155 172 0
152 148 0
140 142 0
40 244 0
159 58 1
123 94 0
108 101 0
187 237 0
32 14 0
231 152 0
226 67 1
219 109 0
86 27 0
22 7 0
234 14 0
104 123 0
116 17 1
7 138 0
38 8 0
191 212 1
183 108 0
41 53 0
172 123 0
186 182 0
84 85 0
115 4 0
67 19 0
154 32 0
188 185 0
150 67 0
166 97 0
165 152 0
240 205 0
93 40 0
48 3 1
238 94 0
222 231 0
42 37 0
195 242 0
34 77 0
139 222 0
149 15 0
105 200 0
186 111 0
175 196 0
215 163 0
86 7 1
71 140 0
212 221 0
94 109 0
78 19 0
202 49 0
57 201 0
238 23 0
23 99 0
39 43 0
73 59 0
14 180 1
168 33 1
3 9 0
168 187 0
199 235 0
91 31 0
123 120 0
166 200 1
142 203 0
25 138 0
129 166 0
129 231 0
45 55 0
141 6 0
156 74 0
32 20 0
111 16 0
12 86 0
173 160 0
119 197 0
116 135 0
193 91 0
217 190 0
22 207 0
234 20 0
29 97 0
163 164 0
180 133 1
173 205 0
4 118 0
75 1 0
72 104 0
197 80 0
128 166 1
191 83 0
208 12 0
234 180 0
31 58 0
121 181 0
121 136 0
86 236 0
87 144 0
50 202 0
245 239 0
160 205 0
132 40 0
122 3 0
33 187 0
3 48 0
158 230 0
3 135 0
0 153 0
210 77 0
38 122 0
136 200 0
142 71 0
64 33 0
237 134 0
116 188 0
91 109 0
73 39 0
24 10 1
179 103 0
90 15 0
118 151 1
68 92 0
20 211 1
8 227 0
42 132 0
206 161 0
78 181 1
121 78 0
188 198 0
24 196 0
152 26 0
167 183 0
3 122 0
98 165 1
69 66 0
174 75 0
202 15 0
23 159 0
146 157 0
93 85 0
45 242 1
75 16 0
171 59 1
111 186 0
184 163 0
83 212 0
50 127 0
131 56 0
60 173 1
8 9 0
14 133 0
227 162 1
39 145 0
57 30 0
148 147 0
221 217 0
61 92 0
170 223 0
4 30 0
158 104 0
101 106 0
133 32 0
136 144 1
141 159 0
18 96 1
211 234 0
233 67 1
176 3 0
80 69 0
177 82 0
226 92 0
33 237 0
236 100 0
2 30 0
140 74 0
210 216 0
227 48 0
53 88 0
204 220 0
94 99 1
109 123 0
137 112 1
173 119 0
165 147 0
195 199 0
101 124 0
93 65 0
163 72 0
109 91 0
175 178 0
184 230 0
5 104 0
129 200 0
91 99 1
173 206 0
192 155 0
228 213 0
14 222 0
97 129 1
220 108 0
94 238 0
194 76 0
113 119 0
13 239 0
244 84 0
214 111 0
216 83 0
171 73 0
214 125 0
180 234 0
30 4 0
205 161 0
0 122 0
112 120 0
167 62 0
73 171 0
199 16 0
122 48 1
28 127 0
35 89 0
244 40 0
143 209 0
89 187 0
20 234 0
181 19 0
3 125 0
240 161 0
184 158 0
76 246 0
195 196 1
114 203 1
15 127 0
96 47 0
182 9 0
28 41 0
240 21 0
238 99 0
125 3 0
7 27 1
225 49 0
148 152 0
17 24 0
113 145 1
192 140 0
138 86 0
46 168 0
197 43 0
10 24 0
223 53 0
162 171 0
95 172 0
83 241 0
98 148 0
103 119 0
116 125 0
71 56 0
179 69 1
196 24 0
120 123 0
93 167 0
24 198 0
54 167 1
173 39 0
102 101 0
155 104 0
205 21 0
72 192 0
245 135 0
201 19 1
20 130 0
175 195 1
27 86 0
121 228 0
9 134 1
117 111 0
20 127 0
28 72 0
49 127 1
241 204 0
81 53 0
229 141 0
135 48 0
36 141 0
17 116 0
120 243 0
99 109 0
88 53 0
62 241 0
156 215 1
31 238 1
114 140 0
185 24 1
189 107 0
169 170 1
46 182 0
0 227 0
122 9 1
180 139 0
86 117 0
193 99 1
24 116 0
166 136 0
244 85 0
124 106 0
42 77 0
217 82 0
51 7 0
241 220 1
186 135 0
168 46 0
35 237 0
7 208 0
79 109 0
218 205 0
209 159 0
5 219 0
186 239 1
21 206 0
54 62 0
229 6 0
185 188 0
74 163 0
94 193 0
151 224 0
85 143 0
93 63 0
83 82 0
32 234 1
177 83 0
58 159 0
51 86 0
24 185 0
134 9 0
17 185 0
50 15 1
179 66 0
199 196 1
137 63 0
99 193 0
216 102 0
143 229 1
43 246 0
65 167 0
37 84 0
100 208 0
235 214 0
109 99 0
119 43 0
213 92 0
56 189 0
141 23 0
59 171 0
113 126 0
139 152 0
118 146 0
102 77 0
102 124 0
57 181 0
201 57 0
83 204 0
233 201 0
80 227 0
51 100 0
230 72 1
224 22 0
5 189 0
162 80 0
27 138 1
41 169 0
131 5 0
28 50 1
161 43 0
7 236 0
4 146 0
183 204 0
104 158 0
117 12 0
200 166 0
30 118 0
86 208 0
87 47 0
196 195 0
203 114 0
148 165 0
169 53 0
132 124 0
232 38 0
97 128 0
18 228 0
196 199 0
55 217 0
202 149 1
38 9 0
103 197 0
151 4 0
61 19 0
68 96 1
246 103 0
223 170 0
225 202 0
96 68 0
17 198 0
188 17 0
84 37 0
61 67 0
144 136 0
37 244 0
198 116 0
196 190 0
58 23 0
210 101 0
146 57 0
160 206 0
129 98 0
68 228 1
113 171 0
134 182 1
187 89 0
90 50 0
112 25 0
32 211 0
10 199 0
104 172 0
36 159 0
170 169 0
82 221 0
69 246 0
85 63 0
66 179 0
242 221 0
79 243 1
111 13 0
51 236 0
115 181 0
188 116 0
207 117 0
66 246 0
26 152 0
155 131 0
24 17 0
193 109 0
230 156 0
155 70 0
151 110 0
57 146 0
74 142 0
178 235 0
99 238 0
131 155 0
105 97 0
43 80 0
189 114 0
96 228 0
80 43 0
71 114 0
177 191 0
198 24 0
196 10 1
206 76 0
98 147 0
160 161 0
63 93 0
78 121 0
220 241 0
8 38 0
82 242 0
70 5 0
8 122 0
236 51 0
61 150 0
175 241 0
33 64 0
92 233 0
28 90 0
183 167 0
239 176 0
108 220 0
125 13 1
38 232 0
54 93 0
25 123 0
107 189 0
230 184 0
242 45 0
94 91 0
217 45 0
48 122 0
237 232 0
86 100 0
163 74 0
199 195 0
151 2 0
143 6 0
201 233 0
152 165 0
216 101 0
156 163 1
105 98 0
133 222 0
80 38 0
106 102 0
1 199 0
122 227 0
95 70 0
90 28 0
207 52 0
11 86 0
240 76 0
1 174 0
127 202 0
243 238 0
90 127 1
214 135 0
73 119 0
36 31 0
228 96 0
116 185 0
50 28 0
217 221 0
231 165 0
171 145 0
100 86 0
92 67 0
187 35 0
175 177 0
224 11 0
150 68 1
21 240 0
203 5 0
99 243 0
58 31 0
225 14 0
195 175 0
193 6 1
201 121 0
121 47 0
162 0 0
119 60 0
153 17 0
228 68 0
109 238 0
218 246 0
69 179 0
45 212 0
72 230 0
96 18 0
195 190 1
208 22 0
88 224 1
88 170 0
107 172 0
59 113 0
213 96 0
139 133 1
31 159 0
42 34 0
58 209 0
37 132 0
169 202 0
211 130 0
152 147 0
165 98 0
55 190 0
222 147 0
30 110 1
220 177 0
226 150 1
224 88 0
6 23 0
204 191 0
148 222 0
143 141 1
165 148 0
9 122 0
200 128 0
211 164 0
55 242 1
230 164 0
2 105 0
193 238 0
146 115 0
162 197 0
83 177 0
183 102 0
203 189 0
196 116 0
175 55 0
190 242 0
166 129 0
136 87 1
242 217 1
118 157 0
113 162 0
16 245 0
210 34 0
27 174 0
163 156 0
15 50 0
81 88 0
95 109 0
233 19 0
50 49 0
183 124 0
205 218 0
87 181 1
235 178 0
187 64 0
75 195 0
85 40 0
44 22 0
125 17 0
53 169 0
63 167 0
181 57 0
151 30 0
89 218 0
133 14 0
177 241 0
150 92 0
156 230 0
189 131 0
153 48 0
22 117 0
133 139 0
201 67 0
12 117 0
14 32 0
224 81 0
147 26 0
105 136 0
202 223 0
234 32 0
16 235 0
66 197 0
90 49 0
197 162 0
25 95 0
129 165 0
154 139 0
32 180 0
233 61 0
31 193 0
87 136 0
170 41 0
164 230 0
223 169 0
128 144 0
33 168 0
230 215 0
53 149 0
187 182 0
94 219 1
33 46 0
151 118 0
112 137 0
35 179 0
199 178 0
209 229 0
73 126 0
70 219 0
198 0 0
216 106 0
136 128 0
110 4 0
11 208 0
161 76 1
78 146 0
246 179 1
164 215 0
161 66 0
40 37 1
137 85 0
150 226 0
149 49 1
204 83 0
223 88 1
3 153 1
109 193 0
9 48 0
101 108 0
242 190 0
190 195 0
74 192 0
6 193 0
113 59 0
99 94 0
167 54 0
213 18 0
153 0 0
113 73 0
49 41 0
182 176 0
204 241 0
182 8 0
41 15 0
186 3 0
72 158 0
108 106 0
13 214 0
20 180 0
234 90 0
79 137 0
170 138 0
200 136 0
131 203 0
137 65 1
68 150 0
9 38 0
189 56 0
137 229 0
159 6 0
164 20 0
166 128 0
150 213 0
241 83 0
16 75 0
141 209 1
164 211 0
171 162 0
97 231 0
114 56 1
117 208 1
112 79 0
211 20 0
191 82 0
111 239 0
162 227 0
29 152 0
112 27 0
19 67 0
88 169 0
22 86 0
114 189 0
182 134 0
170 81 1
102 210 0
21 76 0
60 161 1
63 65 0
96 150 0
122 8 0
52 117 0
215 230 0
45 217 0
76 66 0
106 77 1
13 125 0
43 126 0
40 34 0
239 245 0
106 183 0
187 232 1
77 106 0
111 214 0
5 203 0
77 216 0
67 233 0
66 43 0
100 7 0
209 141 0
138 170 0
34 132 0
45 82 0
127 90 0
65 137 0
215 90 0
170 53 0
176 186 0
192 172 0
237 38 1
191 204 0
58 143 0
148 231 0
165 129 0
37 34 0
2 151 0
61 201 0
169 88 0
103 66 0
168 182 0
194 21 0
40 132 0
219 91 0
222 98 0
127 15 0
8 182 0
65 54 0
125 214 0
221 82 0
40 84 0
128 97 0
81 170 0
197 179 0
15 49 0
0 48 0
212 191 0
16 214 1
80 179 0
218 76 1
26 129 0
70 123 0
144 166 0
63 137 0
219 238 0
101 210 0
104 95 1
231 148 0
49 149 0
232 179 0
143 58 0
243 109 0
147 222 0
21 173 0
56 140 0
218 89 0
67 226 0
172 158 0
158 107 0
14 225 0
52 64 0
182 38 0
181 115 0
144 97 0
156 164 0
55 82 0
149 202 0
104 107 0
207 12 0
76 161 0
217 242 0
2 110 0
178 175 0
229 209 0
27 7 0
215 184 0
145 39 0
188 10 0
245 13 0
173 60 0
230 163 0
107 140 0
238 193 0
206 21 0
4 115 0
230 158 0
76 218 0
34 37 0
103 246 0
243 94 0
110 115 0
29 231 0
140 114 0
38 182 0
35 38 0
57 115 0
220 212 0
0 162 0
220 191 0
191 221 0
211 180 0
146 4 0
209 143 0
13 111 0
181 78 0
153 3 0
29 128 0
104 155 0
242 55 0
242 195 0
64 232 0
149 127 0
216 210 0
43 103 0
88 223 0
34 210 0
229 85 0
130 20 0
169 41 0
227 80 0
64 46 1
69 35 1
244 37 0
133 147 0
166 144 0
62 108 0
188 196 0
198 185 0
99 91 0
138 27 0
221 212 0
154 133 0
166 26 0
112 65 0
228 18 0
10 188 0
67 150 0
134 122 0
147 139 0
161 60 0
107 155 0
223 41 0
239 186 0
127 49 0
138 88 0
242 82 0
46 64 0
161 246 0
174 236 0
161 103 0
30 57 0
199 10 0
95 120 0
167 65 0
135 116 0
163 215 0
229 93 0
37 40 0
26 147 0
123 95 0
12 22 0
120 109 0
115 157 0
176 122 0
208 117 0
60 39 0
145 113 0
49 202 0
30 157 0
95 79 0
225 41 0
18 47 0
75 199 0
73 145 0
239 214 0
16 199 0
238 31 0
51 235 0
180 222 0
163 230 0
4 2 0
87 78 0
59 145 0
241 191 0
185 217 0
181 87 0
56 114 0
137 54 0
237 182 0
164 163 0
239 111 0
184 156 0
219 99 0
184 74 0
65 85 0
188 24 0
22 11 0
212 177 0
185 116 0
145 126 0
75 178 0
100 235 0
141 58 0
144 200 0
213 226 0
81 138 0
129 97 0
68 213 0
35 69 0
229 143 0
94 243 0
61 226 0
56 131 0
231 129 0
9 176 0
79 123 0
89 179 0
103 179 0
124 102 0
132 42 0
26 148 0
244 209 0
72 107 0
213 68 0
142 131 0
139 14 0
117 22 0
244 93 0
231 147 0
141 143 0
23 6 0
179 246 0
234 49 0
190 185 0
95 104 0
168 237 0
227 122 0
194 218 1
1 178 0
50 90 0
191 220 0
6 159 0
232 35 0
96 92 0
17 135 0
35 187 0
239 13 0
158 172 0
145 119 0
32 130 0
214 16 0
218 194 0
132 210 0
154 130 1
47 136 0
39 126 0
195 55 0
19 201 0
226 213 0
44 118 0
17 125 0
171 126 0
123 70 0
38 237 0
6 31 0
110 118 0
212 45 0
233 150 0
194 89 0
149 53 0
202 225 0
128 129 0
243 193 0
27 236 0
174 51 0
102 108 0
110 30 0
212 83 0
162 113 0
127 149 0
133 180 0
205 160 0
221 242 0
221 55 0
97 165 0
157 118 0
164 90 0
169 81 0
77 34 0
16 196 0
92 226 0
219 94 0
7 86 0
190 24 0
25 79 0
91 238 1
101 77 0
10 196 0
54 108 0
235 1 0
19 87 0
208 51 0
11 7 0
63 85 0
215 156 0
98 26 0
8 48 0
12 208 0
52 207 0
102 106 0
158 184 0
223 81 0
139 147 0
81 224 0
68 47 0
44 151 0
194 205 0
32 133 0
232 187 0
122 134 0
135 13 0
180 14 0
232 237 0
140 56 0
82 55 0
68 18 0
238 91 0
6 143 0
18 68 0
226 68 0
